%YAML:1.0
---
rotation: !!opencv-matrix
   rows: 3
   cols: 3
   dt: d
   data: [ 9.9998405548167568e-01, -2.3318304934301613e-03,
       -5.1430874940038883e-03, 2.3324084762867108e-03,
       9.9999727427270346e-01, 1.0638544678163496e-04,
       5.1428254025210540e-03, -1.1837953138222126e-04,
       9.9998676857904767e-01 ]
translation: !!opencv-matrix
   rows: 3
   cols: 1
   dt: d
   data: [ -5.1277559565971569e-02, 1.2807515217018626e-04,
       -3.2214459342131802e-03 ]
essential: !!opencv-matrix
   rows: 3
   cols: 3
   dt: d
   data: [ 8.1723959488707660e-06, 3.2214219919535674e-03,
       1.2841617251892852e-04, -2.9576830338942863e-03,
       1.4416523904912550e-06, 5.1293449269292406e-02,
       -2.4767332464854439e-04, -5.1277121147782476e-02,
       -4.7964843708786548e-06 ]
fundamental: !!opencv-matrix
   rows: 3
   cols: 3
   dt: d
   data: [ 6.5675471571544688e-09, 2.6017294344032155e-06,
       -5.1303896330000460e-04, -2.3853355166121345e-06,
       1.1684741584759715e-09, 1.5823753049867995e-02,
       1.1143202768632301e-03, -4.6508381578767681e-02, 1. ]
