%YAML:1.0
---
cameraMatrix: !!opencv-matrix
   rows: 3
   cols: 3
   dt: d
   data: [ 1.0627091476972255e+03, 0., 9.5997984027782093e+02, 0.,
       1.0589376126589054e+03, 5.5847198000203343e+02, 0., 0., 1. ]
distortionCoefficients: !!opencv-matrix
   rows: 1
   cols: 5
   dt: d
   data: [ 6.0833645901105578e-02, -8.2208230869096038e-02,
       1.7145397791093800e-03, 2.5731200558388578e-03,
       2.8875333949107965e-02 ]
rotation: !!opencv-matrix
   rows: 3
   cols: 3
   dt: d
   data: [ 1., 0., 0., 0., 1., 0., 0., 0., 1. ]
projection: !!opencv-matrix
   rows: 4
   cols: 4
   dt: d
   data: [ 1.0627091476972255e+03, 0., 9.5997984027782093e+02, 0., 0.,
       1.0589376126589054e+03, 5.5847198000203343e+02, 0., 0., 0., 1.,
       0., 0., 0., 0., 1. ]
