%YAML:1.0
---
depthShift: -8.4094142498774183e+00
