%YAML:1.0
---
cameraMatrix: !!opencv-matrix
   rows: 3
   cols: 3
   dt: d
   data: [ 3.6778372924251363e+02, 0., 2.5559915681107148e+02, 0.,
       3.6595846812522245e+02, 2.1113457750372774e+02, 0., 0., 1. ]
distortionCoefficients: !!opencv-matrix
   rows: 1
   cols: 5
   dt: d
   data: [ 1.0752787031446502e-01, -3.0156299744128529e-01,
       1.3450724781553111e-04, 8.6413981358488879e-04,
       1.1441400367118693e-01 ]
rotation: !!opencv-matrix
   rows: 3
   cols: 3
   dt: d
   data: [ 1., 0., 0., 0., 1., 0., 0., 0., 1. ]
projection: !!opencv-matrix
   rows: 4
   cols: 4
   dt: d
   data: [ 3.6778372924251363e+02, 0., 2.5559915681107148e+02, 0., 0.,
       3.6595846812522245e+02, 2.1113457750372774e+02, 0., 0., 0., 1.,
       0., 0., 0., 0., 1. ]
